image: expl_actual.pgm
resolution: 0.050000
origin: [-3.323510, -1.643269, 0.000000]
negate: 0
occupied_thresh: 0.65
free_thresh: 0.196

