image: navstack_real.pgm
resolution: 0.050000
origin: [-2.482522, -1.588007, 0.000000]
negate: 0
occupied_thresh: 0.65
free_thresh: 0.196

